211620  809  30918608 
211620  911  50250818 
211670  170  23991666 
211670  249  32887308 
211697  296  20481958 
211772  453  24016459 
211772  487  32756300 
211772  537  43708856 
211772  665  66256038 
211772  677  69195161 
211772  682  70495320 
211772  713  77315023 
211787  137  25075877 
211787  156  27722626 
211787  231  45498134 
211787  327  70283778 
211787  341  73478541 
211787  379  78891936 
211787  495 104208286 
211787  533 112676423 
211787  606 125346821 
211787  674 134529732 
211787  684 136745813 
211787  687 137325328 
211787  705 141053713 
211787  737 145106825 
211787  781 151535382 
211787  808 155908888 
211787  833 160751251 
211867  415 118577411 
211867  446 126968304 
211867  476 135267293 
211867  488 137377078 
211867  504 138631284 
211867  585 156060507 
211867  601 159474909 
211867  643 166995382 
211867  653 169150580 
211867  664 171728297 
211867  682 175037695 
211867  697 177341927 
211867  708 179982739 
211867  869 205041330 
211867  979 217122251 
211867 1080 235986744 
211937  273  79579535 
211937  311  91096963 
211937  344 100555317 
211937  363 106299191 
211937  433 126166771 
211937  442 128380852 
211937  539 149037480 
211937  573 154820435 
211937  626 163148429 
211937  681 172136294 
212034  268  61304416 
212034  295  70488269 
212034  373  92815632 
212034  377  94077220 
212034  447 110479727 
212034  449 111039026 
212103  265  74171827 
212142  159  42259370 
212142  187  49777048 
212142  241  55650409 
212142  251  58080132 
212142  259  60326167 
212142  305  70626642 
212144  336  82794753 
212144  555 123722841 
212144  594 129844287 
212144  904 184774366 
212144  946 193059339 
212144  981 199214801 
212144  994 201867125 
212144 1094 218050419 
212144 1221 237399658 
212172  128  34183408 
212172  133  35958783 
212172  274  68520156 
212172  283  71005981 
212172  303  75609633 
212172  435 102794917 
212172  453 106963891 
212172  587 133067590 
212172  787 165298506 
212172  825 172232714 
212199  131  34583718 
212199  138  36561516 
212199  165  45222651 
212199  368  97625582 
212199  400 105175388 
212199  414 108306676 
212199  479 122276322 
212199  485 123361057 
212199  557 139813253 
212199  628 154879540 
212272  399 112893675 
212272  402 113746110 
212272  467 132448931 
212272  491 139054835 
212272  504 142569344 
212272  520 146768355 
212272  622 170422008 
212272  656 177673918 
212272  824 213994461 
212272  893 227713742 
212663  312  79790422 
212663  316  80951546 
212663  326  83989774 
212663  366  94212644 
212663  381  97930421 
212663  383  98521948 
212663  387  99677557 
212687  114  17058218 
212687  126  21243793 
212687  168  32985216 
212687  271  58155185 
212687  323  70331631 
212687  357  77176767 
212721  201  52039190 
212721  220  58603120 
212721  246  65278591 
212721  252  67402330 
212721  289  75228740 
212721  319  82842050 
212721  479 122996628 
212721  565 142364781 
212721  604 150988998 
212721  632 155954020 
212742  207  60144748 
212742  223  62405230 
212742  241  68197732 
212742  293  83308673 
212742  295  83626188 
212742  317  88821259 
212742  331  92381337 
212742  560 141298623 
212742  565 142245925 
212742  647 157663517 
212809  303  88340723 
212815  109  31575524 
212815  165  49225559 
212815  204  60227314 
212815  205  60579290 
212815  225  65242249 
212815  227  65919654 
212815  274  76382992 
212815  406 105164459 
212815  631 150577349 
212815  638 151728427 
212858  222  62152125 
212858  225  62891044 
212858  274  77090238 
212858  362  99938214 
212858  379 103224773 
212858  646 160856798 
212858  777 184840226 
212858  801 189409163 
212858  885 204054306 
212858  951 214360091 
212967  131  36562258 
212967  257  63562358 
212967  277  67422524 
212967  389  92025946 
212967  433 100838299 
212993  163  46421469 
212993  244  71271803 
212993  290  83452971 
212993  433 114146865 
212993  495 127176803 
212993  518 132055043 
212993  711 161451113 
213039  435 123595163 
213039  442 125966331 
213039  444 126635986 
213039  449 127047496 
213039  491 139509462 
213039  506 143494956 
213039  508 144037393 
213039  664 183458266 
213039  672 185493703 
213039  676 186652045 
213039  810 218014014 
213039  844 226420789 
213039  942 248131356 
213039  984 255977737 
213039  985 256259471 
213039 1028 264763402 
213039 1091 278267871 
213079   76  21118131 
213079   93  26924960 
213079  107  31629850 
213079  108  32121270 
213079  142  42417897 
213079  253  68071791 
213079  388  97942628 
213079  406 101552414 
213079  446 109435226 
213079  491 118065478 
213092  304  89221417 
213092  329  98196863 
213092  336 100870506 
213092  413 125456520 
213092  428 128742710 
213092  442 131280992 
213092  455 135005521 
213092  456 135419301 
213092  461 136517543 
213130  225  66606499 
213130  238  70706931 
213130  302  87362821 
213130  369 104601473 
213155  161  45502898 
213155  226  65665665 
213155  253  74594415 
213155  271  79960342 
213157   96  27645561 
213157   97  27788698 
213157  173  51882395 
213157  175  52411595 
213157  197  57234239 
213157  206  58514150 
213157  242  63663521 
213157  255  67535487 
213157  270  71637795 
213250  205  60520332 
213250  222  65257465 
213250  247  72263290 
213250  320  92907476 
213250  363 103329459 
213250  382 108284785 
213250  451 128056187 
213314  409 124373091 
213359   46  11973418 
213359  100  29627794 
213359  134  41636632 
213431  371 113733490 
213431  383 117357719 
213486  226  62935200 
213486  356  98460803 
213486  369 103161912 
213486  408 116687821 
213486  443 127413823 
213486  470 136352132 
213486  605 172136447 
213539  166  48261169 
213539  343  96085689 
213539  364 101400979 
213539  401 110923015 
213539  437 122855066 
213539  457 129277962 
213539  471 132857115 
213539  596 174867207 
213539  702 206952674 
213539  722 213262287 
213539  867 257284352 
213539  918 271585195 
213539  935 276532153 
213539 1062 311135385 
213539 1093 319727565 
213539 1152 336490953 
213627  272  80425704 
213640   56  12005902 
213640   70  14918463 
213640   81  18079040 
213640  163  39220054 
213684  253  70685007 
213695  260  78929129 
213695  275  83295843 
213695  395 118353505 
213695  422 127780110 
213702  224  65859325 
213702  234  69356479 
213702  241  71928803 
213754  439 130286845 
213754  468 139658841 
213754  487 145336905 
213754  501 149295259 
213754  513 152831111 
213754  530 158255438 
213754  661 194754352 
213754  668 197140774 
213754  826 239811696 
213754  881 258669913 
213754  938 277098450 
213754 1142 338925991 
213754 1329 392113583 
213796  158  44507365 
213796  206  58985238 
213796  301  83448459 
213796  333  93593176 
213796  360  99781558 
213816  192  55406360 
213816  269  78481689 
213816  283  82641406 
213816  370 108457578 
213819  160  46811285 
213819  180  52871721 
213819  202  59259282 
213819  239  68706061 
213819  280  81117930 
213819  305  87854925 
213819  332  95539190 
213900  324  96085442 
213900  349 104773361 
213900  373 110881775 
213900  475 139955858 
213900  491 144250720 
213900  561 167029804 
213900  624 186510324 
213900  722 218591613 
213900  734 221225189 
213900  871 263297620 
213951  271  79566293 
213951  401 118812783 
213951  441 128654993 
213951  457 132288337 
213951  571 154551203 
213951  620 169085961 
213964   52  13462948 
213968  179  52179074 
213968  206  60769634 
214021  377 111694242 
214021  393 116031010 
214021  515 151050310 
214021  529 154745174 
214021  531 155421765 
214021  577 167678775 
214021  687 201372055 
214021  753 223504090 
214021  862 256032256 
214021 1077 315933922 
214086  198  58661578 
214086  222  65915113 
214086  265  78838619 
214086  312  90367641 
214086  337  97701655 
214086  398 117844979 
214086  405 120239052 
214086  505 151404219 
214086  511 152654874 
214086  583 175508847 
214086  620 187280092 
214086  862 259666334 
214086  935 280635242 
214086  949 284662039 
214086 1152 337584653 
214160  120  35196096 
214160  132  39644970 
214160  304  91735548 
214160  446 134801908 
214160  489 148028079 
214160  673 208029920 
214160  713 219965263 
214176  348 101831142 
214216  315  92809021 
214216  327  95746910 
214216  409 119902265 
214216  426 124577717 
214216  443 129177081 
214216  524 157789464 
214216  604 182047256 
214216  609 183268716 
214216  620 186867324 
214216  643 194803186 
214216  654 198743354 
214216  693 211156533 
214216  718 219502607 
214388  482 141016617 
214388  512 149507370 
214388  529 154431800 
214388  546 160010331 
214390  126  30550658 
214390  165  43024151 
214390  396 106759792 
214494  109  29478633 
214494  139  39122996 
214494  153  42985263 
214494  235  67626184 
214494  240  68658006 
214494  361 107230032 
214494  376 112238214 
214494  388 115761949 
214494  438 130702325 
214494  469 140339628 
214494  478 143408490 
214494  528 158894657 
214494  628 187805212 
214523  190  50181037 
214523  208  55621427 
214523  215  57401419 
214523  227  61119795 
214523  293  80518599 
214523  306  83568653 
214523  358  97821922 
214523  383 105821339 
214523  608 175714199 
214523  649 187930472 
214523  692 201168808 
214523  707 205911433 
214544  121  32531579 
214544  128  34278960 
214544  196  52990693 
214544  238  63202772 
214544  264  69547403 
214544  309  80169757 
214544  358  95684444 
214544  415 113028399 
214544  425 116453891 
214544  512 144322637 
214544  530 150403783 
214544  551 156914594 
214544  581 165650856 
214544  610 173948673 
214544  663 189356210 
214553   81  21848484 
214553  107  28867085 
214553  143  34975171 
214553  175  43375728 
214553  235  55710673
214553  278  65777105
214553  336  83565966
214553  351  88977043
214553  352  89040957
214553  392 101340699
214553  403 104486789
214553  465 123363220
214553  498 133139714
214553  519 140070084
214553  673 185284263
214553  678 186353867
214553  694 191167020
