-0.788 0.876715 2.33994 27.8391 0.16091 0.57468
-0.808 0.89166 2.25264 28.1895 0.18955 0.676963
-0.838 0.902881 2.19624 27.8373 0.162734 0.581192
-0.848 0.901845 2.2647 28.0187 0.0186876 0.0667416
-0.85 0.886052 2.43502 28.2277 0.227685 0.81316
-0.856 0.827561 2.96886 27.8364 0.163603 0.584296
-0.86 0.694254 4.07071 27.9264 0.0735931 0.262832
-0.616 0.422619 7 27.7576 0.242424 0.865801
-0.78 0.869664 2.4042 28.0244 0.0243519 0.086971
-0.796 0.883021 2.31248 27.8634 0.136614 0.487908
-0.828 0.893566 2.25748 27.8958 0.104246 0.372306
-0.842 0.892708 2.33792 28.1261 0.126119 0.450423
-0.836 0.872889 2.54021 28.1924 0.192433 0.68726
-0.83 0.799323 3.37381 28.091 0.0910053 0.325019
-0.802 0.625139 5.71233 28.2772 0.277174 0.989907
-0.738 0.419087 5.625 28.4348 0.434783 1.5528
-0.732 0.811916 2.93881 27.8876 0.112409 0.401461
-0.738 0.830892 2.80553 28.1429 0.142944 0.510514
-0.764 0.842587 2.79579 27.8388 0.161152 0.575543
-0.756 0.831393 3.01423 27.953 0.0469655 0.167734
-0.73 0.796838 3.461 28.1612 0.161242 0.575864
-0.724 0.698616 4.38158 28.0633 0.0632911 0.22604
-0.712 0.5075 5.84783 27.94 0.06 0.214286
-0.666 0.545455 8.5 26.2857 1.71429 6.12245
-0.46 0.810047 3.88481 135.175 0.175207 0.129783
-0.494 0.829916 3.7309 135.328 0.328081 0.243023
-0.522 0.839216 3.74209 135.115 0.115218 0.0853466
-0.51 0.830421 4.00264 134.736 0.264189 0.195696
-0.486 0.800429 4.41006 135.38 0.379599 0.281184
-0.448 0.710987 5.82541 135.205 0.205357 0.152116
-0.17 0.455965 17.2714 134.396 0.604167 0.447531
0.114 0.218254 26.6 130.857 4.14286 3.06878
-0.464 0.803261 3.92005 135.41 0.409851 0.303593
-0.482 0.818894 3.86928 134.792 0.207736 0.153878
-0.518 0.828939 3.86192 134.566 0.433689 0.321251
-0.526 0.821769 4.0979 134.239 0.760677 0.563464
-0.438 0.775852 5.04298 134.819 0.180934 0.134025
-0.278 0.654922 7.97561 135.439 0.438776 0.325019
-0.292 0.464405 13.0312 136.921 1.92105 1.423
-0.082 0.228216 12.8571 130.8 4.2 3.11111
-0.346 0.718273 5.38196 135.226 0.225508 0.167043
-0.352 0.742393 5.17694 135.174 0.173985 0.128878
-0.356 0.751746 5.35915 135.031 0.0306878 0.0227317
-0.248 0.720374 6.35856 135.073 0.0725389 0.0537325
-0.154 0.66208 8.09059 134.541 0.45933 0.340245
-0.018 0.523962 11.6163 134.818 0.182432 0.135135
-0.058 0.31 14.9444 133.048 1.95238 1.44621
-0.002 0.272727 17 92 43 31.8519
-0.05 0.743762 7.13316 441.146 0.853885 0.193187
-0.064 0.764267 6.87719 442.665 0.665439 0.150552
-0.07 0.771938 6.99057 441.289 0.710879 0.160832
-0.022 0.756251 7.47784 441.17 0.829646 0.187703
0.072 0.709035 8.74363 442.388 0.387978 0.0877779
0.206 0.58591 13.2291 438.928 3.07246 0.695128
0.542 0.280137 37.7812 430.067 11.9333 2.69985
0.818 0.0396825 133 458 16 3.61991
-0.058 0.735291 7.20436 441.39 0.609514 0.137899
-0.064 0.752387 7.21871 442.762 0.762322 0.172471
-0.082 0.762176 7.19838 440.958 1.04211 0.235773
-0.008 0.739217 8.39083 444.243 2.24267 0.507391
0.074 0.68756 9.51351 444.212 2.21154 0.500348
0.224 0.559058 15.0212 442.433 0.433333 0.0980392
0.202 0.350389 32.0769 433.583 8.41667 1.90422
0.172 0.178423 15 327 115 26.0181
0.076 0.639144 10.1139 441.37 0.630233 0.142587
0.11 0.660273 10.1972 442.446 0.446185 0.100947
0.142 0.666364 10.7849 441.028 0.97235 0.219989
0.294 0.621576 13.4834 441.847 0.152542 0.0345118
0.402 0.544486 18.3877 442.819 0.818898 0.185271
0.482 0.405325 28.1408 443.4 1.4 0.316742
0.334 0.2375 20.6923 465.667 23.6667 5.35445
0.268 0.181818 17 184 258 58.371
0.474 0.64249 19.7197 1852.19 6.18794 0.335208
0.466 0.669152 17.7614 1839.22 6.78011 0.367287
0.456 0.680307 16.6385 1844.89 1.10903 0.0600777
0.558 0.643449 19.8813 1863.64 17.6355 0.955337
0.578 0.597256 21.1429 1839.93 6.06818 0.328721
0.652 0.459905 33.9322 1892.88 46.875 2.53927
0.742 0.193629 60.45 1612.75 233.25 12.6354
0.868 0.0257937 133 916 930 50.3792
0.434 0.637729 19.4932 1855.68 9.67917 0.524332
0.438 0.659686 18.6999 1841.65 4.3508 0.235688
0.476 0.661602 19.6212 1843.1 2.89513 0.156833
0.522 0.636673 21.2229 1830.67 15.3297 0.830426
0.614 0.563156 28.1922 1823.61 22.3947 1.21315
0.686 0.422317 39 1769.73 76.2667 4.13146
0.602 0.238042 104.25 1734.33 111.667 6.04912
0.27 0.153527 22.5 654 1192 64.572
0.544 0.530426 27.5997 1851.6 5.6 0.303359
0.566 0.555949 26.3985 1839.97 6.0255 0.326408
0.624 0.554207 29.4717 1831.64 14.3636 0.778095
0.692 0.509124 35.1855 1862.07 16.0714 0.870608
0.732 0.429126 42.7143 1874.6 28.6 1.5493
0.822 0.265389 111 1813.91 32.0909 1.7384
0.55 0.1825 29.8889 1397 449 24.3229
0.268 0.181818 17 184 1662 90.0325
